RADIX 11111111111111111111111111111111 11111111111111111111111111111111 111111111111111111111111111111111
VNAME A<<31:0>> B<<31:0>> SUM<<32:0>>
TUNIT ns
SLOPE 0.1
PERIOD 5 
VIH 1
VIL 0
VOH 0.9
VOL 0.1
tdelay  4 00000000000000000000000000000000 00000000000000000000000000000000 111111111111111111111111111111111
IO iiiiiiiiiiiiiiiiiiiiiiiiiiiiiiii iiiiiiiiiiiiiiiiiiiiiiiiiiiiiiii ooooooooooooooooooooooooooooooooo
00000000000000000000000000000000 00000000000000000000000000000000 000000000000000000000000000000000
00000000000000000000000000000001 11111111111111111111111111111111 100000000000000000000000000000000
00000000000000000000000000000000 00000000000000000000000000000000 000000000000000000000000000000000
11111111111111111111111111111111 00000000000000000000000000000000 011111111111111111111111111111111
00000000000000000000000000000000 00000000000000000000000000000000 000000000000000000000000000000000
10101010101010101010101010101011 01010101010101010101010101010101 100000000000000000000000000000000
00000000000000000000000000000000 00000000000000000000000000000000 000000000000000000000000000000000
01010101010101010101010101010101 10101010101010101010101010101011 100000000000000000000000000000000
00000000000000000000000000000000 00000000000000000000000000000000 000000000000000000000000000000000
11111111111111111111111111111111 00000000000000000000000000000001 100000000000000000000000000000000
00000000000000000000000000000000 00000000000000000000000000000000 000000000000000000000000000000000
00001010101010101010101010101111 11110101010101010101010101010001 100000000000000000000000000000000
00000000000000000000000000000000 00000000000000000000000000000000 000000000000000000000000000000000
11110101010101010101010101010001 00001010101010101010101010101111 100000000000000000000000000000000














 














































































